1.767350833333333426e+01
1.844592222222222233e+01
1.961933055555555683e+01
2.107801388888888994e+01
2.266158055555555606e+01
2.437178055555555645e+01
2.609805555555555401e+01
2.779462222222222323e+01
2.949565277777777794e+01
3.101693055555555389e+01
3.235437222222222431e+01
3.353983333333333405e+01
3.451172777777777867e+01
3.530447499999999650e+01
3.591453888888889168e+01
3.636747499999999889e+01
3.665706388888889222e+01
3.678797500000000298e+01
3.687309722222222064e+01
3.676039166666666347e+01
3.652004166666666407e+01
3.616514999999999702e+01
3.567279444444444181e+01
3.506038888888888749e+01
3.429031666666666922e+01
3.334561111111111131e+01
3.224340833333333478e+01
3.094474166666666548e+01
2.948796944444444534e+01
2.794103611111111007e+01
2.636731111111111048e+01
2.474782499999999885e+01
2.321516666666666495e+01
2.200850277777777819e+01
2.121568055555555432e+01
2.066700000000000159e+01
2.024256666666666504e+01
2.005898333333333383e+01
1.996048055555555578e+01
2.001865833333333455e+01
2.044532222222222373e+01
2.163013888888889014e+01
2.324574722222222078e+01
2.492075833333333179e+01
2.659392499999999870e+01
2.821881666666666533e+01
2.972893888888888725e+01
3.111106111111111261e+01
3.231616388888888736e+01
3.335481944444444480e+01
3.422893055555555719e+01
3.496180555555555713e+01
3.554659722222222484e+01
3.597095833333333559e+01
3.632083888888888623e+01
3.650623611111111444e+01
3.656210555555555430e+01
3.650445555555555899e+01
3.631835833333333596e+01
3.600049444444444191e+01
3.554456388888888796e+01
3.496273055555555231e+01
3.420463333333333367e+01
3.323328333333333262e+01
3.207680277777777889e+01
3.073283333333333189e+01
2.920662222222222226e+01
2.750118055555555685e+01
2.560408055555555507e+01
2.359837222222222053e+01
2.169510833333333366e+01
2.004951388888888886e+01
1.857856111111111019e+01
1.782625277777777839e+01
1.761955555555555719e+01
