1.927915833333333495e+01
1.924635555555555655e+01
1.905516666666666836e+01
1.870694722222222239e+01
1.820814444444444291e+01
1.761702500000000171e+01
1.694368055555555586e+01
1.648442500000000166e+01
1.613331111111111227e+01
1.582745000000000068e+01
1.557179444444444449e+01
1.536485833333333417e+01
1.519251388888888954e+01
1.505947222222222237e+01
1.496086666666666609e+01
1.492419166666666719e+01
1.494131111111111032e+01
1.499926111111111027e+01
1.529656111111111194e+01
1.576810000000000045e+01
1.633850833333333341e+01
1.688565277777777851e+01
1.731176666666666719e+01
1.760556388888888790e+01
1.774970277777777738e+01
1.775425277777777922e+01
1.763723888888888780e+01
1.744245000000000090e+01
1.718040555555555571e+01
1.687598333333333400e+01
1.664884722222222280e+01
1.645924166666666721e+01
1.627640555555555579e+01
1.612231944444444309e+01
1.599415277777777789e+01
1.591069166666666668e+01
1.589669999999999916e+01
1.588674999999999926e+01
1.590934444444444473e+01
1.605110000000000170e+01
1.630524444444444399e+01
1.669524444444444455e+01
1.731656111111110974e+01
1.792236388888888854e+01
1.849468888888888785e+01
1.895083333333333186e+01
1.929844166666666538e+01
1.949501666666666821e+01
1.955849166666666505e+01
1.946386666666666798e+01
1.922583888888888737e+01
1.887294444444444608e+01
1.839875277777777640e+01
1.782403055555555582e+01
1.722486944444444390e+01
1.650951111111110947e+01
1.579837222222222159e+01
1.506867500000000071e+01
1.445289444444444449e+01
1.414722222222222214e+01
1.406312222222222275e+01
1.415068333333333328e+01
1.435751388888888869e+01
1.472697499999999948e+01
1.522849444444444522e+01
1.579071111111111136e+01
1.637379444444444587e+01
1.695810555555555510e+01
1.752901666666666713e+01
1.804821388888888833e+01
1.848888611111111047e+01
1.886166666666666814e+01
1.900316944444444545e+01
1.918258888888889047e+01
1.925987777777777765e+01
