1.168125277777777704e+01
1.176223333333333265e+01
1.219096944444444475e+01
1.321314722222222215e+01
1.440614722222222177e+01
1.567767777777777738e+01
1.696306388888888961e+01
1.815461388888888905e+01
1.924269722222222256e+01
2.017610277777777839e+01
2.101704722222222088e+01
2.174249722222222303e+01
2.236639166666666512e+01
2.287226111111111138e+01
2.327224999999999966e+01
2.357286666666666619e+01
2.376923333333333233e+01
2.387430555555555500e+01
2.394455833333333317e+01
2.387701944444444280e+01
2.370023611111110995e+01
2.349356388888888958e+01
2.319022777777777833e+01
2.283632222222222197e+01
2.241802500000000009e+01
2.195242500000000163e+01
2.147081944444444446e+01
2.091372222222222277e+01
2.025476944444444527e+01
1.949372500000000130e+01
1.865690000000000026e+01
1.773434999999999917e+01
1.674475555555555673e+01
1.571177222222222269e+01
1.462315277777777744e+01
1.351340833333333258e+01
1.263879166666666620e+01
1.246378333333333366e+01
1.258506111111111103e+01
1.352840833333333315e+01
1.463294444444444409e+01
1.568687777777777725e+01
1.667483333333333206e+01
1.760611666666666508e+01
1.848785833333333173e+01
1.929894166666666777e+01
2.006365833333333271e+01
2.075097777777777708e+01
2.141822777777777631e+01
2.204338888888888803e+01
2.263469722222222202e+01
2.315253333333333430e+01
2.358089444444444283e+01
2.391466388888888872e+01
2.417397777777777890e+01
2.429728333333333268e+01
2.433740555555555574e+01
2.426246111111111148e+01
2.407086388888889061e+01
2.376626111111110973e+01
2.334607222222222234e+01
2.283685833333333193e+01
2.222213055555555528e+01
2.151174722222222258e+01
2.071871666666666556e+01
1.985604999999999976e+01
1.892135833333333395e+01
1.790830000000000055e+01
1.681414166666666787e+01
1.566935833333333328e+01
1.444135277777777837e+01
1.322996944444444445e+01
1.206576111111111160e+01
1.160948611111111184e+01
1.156939166666666630e+01
