2.305457777777777650e+01
2.260941944444444474e+01
2.342803888888888864e+01
2.482250555555555493e+01
2.626130833333333214e+01
2.745146666666666491e+01
2.836826388888889028e+01
2.921943611111111139e+01
3.003096666666666792e+01
3.080880833333333157e+01
3.159669999999999845e+01
3.238378055555555335e+01
3.307286388888888951e+01
3.372420833333332979e+01
3.431637222222222050e+01
3.480465277777777544e+01
3.515800555555555462e+01
3.536368888888888762e+01
3.558713888888888732e+01
3.570170277777777557e+01
3.575000555555555337e+01
3.571523055555555715e+01
3.564883888888888919e+01
3.551350277777778075e+01
3.533113055555555349e+01
3.510712500000000347e+01
3.481041388888888832e+01
3.444448333333333068e+01
3.402619166666666928e+01
3.353743333333333254e+01
3.300384444444444654e+01
3.236928888888888878e+01
3.138958611111111097e+01
3.015907777777777810e+01
2.902122222222222092e+01
2.802851944444444499e+01
2.764625833333333205e+01
2.757716388888889014e+01
2.725722499999999826e+01
2.784910277777777665e+01
2.903758611111111065e+01
3.002714722222222221e+01
3.060236111111111157e+01
3.089511111111110964e+01
3.110699722222222263e+01
3.140301944444444615e+01
3.180259722222222152e+01
3.232227777777777789e+01
3.292875277777778109e+01
3.369014444444444223e+01
3.437038055555555616e+01
3.497258888888888606e+01
3.548358333333333547e+01
3.590598611111111182e+01
3.624588055555555854e+01
3.646362777777778064e+01
3.658252499999999685e+01
3.662871944444444239e+01
3.658350277777778103e+01
3.645191111111110871e+01
3.625653333333332995e+01
3.598813611111111044e+01
3.563453055555555693e+01
3.516350555555555246e+01
3.457903888888888844e+01
3.387210277777777634e+01
3.306952499999999873e+01
3.217180555555555799e+01
3.114229722222222208e+01
2.994603611111111263e+01
2.848094166666666638e+01
2.672028055555555426e+01
2.475424999999999898e+01
2.341408055555555379e+01
2.311449166666666599e+01
