2.106004722222222370e+01
2.175673611111110972e+01
2.283375555555555536e+01
2.395461944444444313e+01
2.509228611111111107e+01
2.612422222222222246e+01
2.698811666666666653e+01
2.764496944444444537e+01
2.818685833333333335e+01
2.865926944444444402e+01
2.907483333333333420e+01
2.946512777777777714e+01
2.980798611111111285e+01
3.007008055555555615e+01
3.027353333333333296e+01
3.040202499999999830e+01
3.043552222222222170e+01
3.038844999999999885e+01
3.041544444444444295e+01
3.038978333333333381e+01
3.039788055555555601e+01
3.038390000000000057e+01
3.033279444444444550e+01
3.026265000000000072e+01
3.016621944444444381e+01
3.005839444444444553e+01
2.994611111111111157e+01
2.976936666666666653e+01
2.949901388888888931e+01
2.905043888888888759e+01
2.843922500000000042e+01
2.765409166666666607e+01
2.672979166666666728e+01
2.573142222222222131e+01
2.509710833333333468e+01
2.493566666666666620e+01
2.479396111111111267e+01
2.460542777777777701e+01
2.451156388888889026e+01
2.442338333333333367e+01
2.449970833333333431e+01
2.508018055555555392e+01
2.570740833333333342e+01
2.626435833333333392e+01
2.675025000000000119e+01
2.715755000000000052e+01
2.746819444444444613e+01
2.773669444444444565e+01
2.802610277777777625e+01
2.836543888888888887e+01
2.877017222222222159e+01
2.925536111111111026e+01
2.984960555555555572e+01
3.045090555555555412e+01
3.098559722222222135e+01
3.145114166666666833e+01
3.184817222222222100e+01
3.213113055555555775e+01
3.226053888888888821e+01
3.228763888888888545e+01
3.223602499999999793e+01
3.210321388888888805e+01
3.187921111111111117e+01
3.156082777777777792e+01
3.113454722222222060e+01
3.058562777777777697e+01
2.993179999999999907e+01
2.914908333333333346e+01
2.822401388888888718e+01
2.713736944444444532e+01
2.591638888888888914e+01
2.462749166666666767e+01
2.315639444444444450e+01
2.184716111111110948e+01
2.105737500000000040e+01
