2.197512499999999847e+01
2.269969999999999999e+01
2.377862500000000168e+01
2.493230000000000146e+01
2.607287499999999980e+01
2.712855000000000061e+01
2.803934999999999889e+01
2.872305000000000064e+01
2.926555000000000106e+01
2.973802500000000038e+01
3.020787500000000136e+01
3.058759999999999835e+01
3.093400000000000105e+01
3.118915000000000148e+01
3.141310000000000002e+01
3.153584999999999994e+01
3.161029999999999873e+01
3.153134999999999977e+01
3.147107499999999902e+01
3.144802500000000123e+01
3.144624999999999915e+01
3.142555000000000121e+01
3.136974999999999980e+01
3.126705000000000112e+01
3.115502499999999841e+01
3.106895000000000095e+01
3.096170000000000044e+01
3.078547500000000170e+01
3.048659999999999926e+01
3.002520000000000167e+01
2.937772500000000164e+01
2.857345000000000113e+01
2.762334999999999852e+01
2.662727500000000092e+01
2.600692499999999896e+01
2.584864999999999924e+01
2.568329999999999913e+01
2.546659999999999968e+01
2.537737500000000068e+01
2.530385000000000062e+01
2.538267499999999899e+01
2.597082500000000138e+01
2.662292499999999862e+01
2.716140000000000043e+01
2.766499999999999915e+01
2.810279999999999845e+01
2.843274999999999864e+01
2.871274999999999977e+01
2.901245000000000118e+01
2.933747500000000130e+01
2.977509999999999835e+01
3.029104999999999848e+01
3.086257499999999965e+01
3.148110000000000142e+01
3.197569999999999979e+01
3.246512500000000045e+01
3.290310000000000201e+01
3.317844999999999800e+01
3.333007500000000078e+01
3.334632500000000022e+01
3.330732499999999874e+01
3.316872500000000201e+01
3.290859999999999985e+01
3.259394999999999953e+01
3.215382499999999766e+01
3.158777500000000060e+01
3.091317499999999896e+01
3.012977499999999864e+01
2.920277499999999904e+01
2.804729999999999990e+01
2.681715000000000160e+01
2.550635000000000119e+01
2.413564999999999827e+01
2.281347500000000039e+01
2.197512499999999847e+01
