3.047170555555555538e+01
3.047069166666666717e+01
3.038043888888888944e+01
3.019357777777777940e+01
2.993759166666666616e+01
2.961315555555555434e+01
2.916464722222222150e+01
2.859686111111111018e+01
2.790164444444444314e+01
2.705676944444444487e+01
2.609359722222222189e+01
2.499384166666666829e+01
2.375101666666666844e+01
2.248926944444444587e+01
2.114423333333333233e+01
1.968743611111111136e+01
1.815905555555555395e+01
1.684053055555555645e+01
1.608781944444444534e+01
1.576639722222222240e+01
1.579364999999999952e+01
1.631905555555555409e+01
1.758236111111111200e+01
1.912044444444444480e+01
2.060727777777777803e+01
2.202745000000000175e+01
2.337360833333333332e+01
2.461092222222222148e+01
2.575929999999999964e+01
2.679995555555555597e+01
2.770595000000000141e+01
2.849257499999999865e+01
2.915846388888888896e+01
2.964583055555555546e+01
3.002412500000000151e+01
3.030372222222222334e+01
3.046733055555555580e+01
3.051890833333333219e+01
3.042671944444444421e+01
3.022333055555555603e+01
2.989144722222222228e+01
2.943046666666666766e+01
2.885148888888888763e+01
2.813696944444444270e+01
2.730331944444444403e+01
2.635585555555555715e+01
2.533459722222222155e+01
2.429606666666666825e+01
2.324900833333333239e+01
2.217094722222222103e+01
2.113471388888888924e+01
2.027606111111111176e+01
1.963845555555555578e+01
1.913469999999999871e+01
1.907165000000000177e+01
1.926689444444444277e+01
1.957462777777777774e+01
1.998484444444444463e+01
2.044440833333333174e+01
2.092656111111111272e+01
2.142391111111111002e+01
2.203094444444444377e+01
2.283611944444444575e+01
2.381768333333333487e+01
2.485644444444444545e+01
2.594265000000000043e+01
2.693583888888888822e+01
2.783463333333333267e+01
2.859566944444444303e+01
2.924696388888888876e+01
2.975951111111110947e+01
3.011980277777777815e+01
3.021199722222222306e+01
3.038994722222222222e+01
3.046232222222222319e+01
